192.168.23.0
    11000000.10101000.00010111.00000000
S1: nnnnnnnn.nnnnnnnn.nnnnnnnn.shhhhhhh

IDred: 11000000.10101000.00010111.00000000 -> 192.168.23.0
IPBrd: 11000000.10101000.00010111.01111111 -> 192.168.23.127
IPRt1: 11000000.10101000.00010111.00000001 -> 192.168.23.1
IPRt2: 11000000.10101000.00010111.00000010 -> 192.168.23.2

IP: 192.168.23.27
M침ascara(/25): 11111111.11111111.11111111.10000000
Gateway: 

S2 /27: nnnnnnnn.nnnnnnnn.nnnnnnnn.ssshhhhh
IDred: 11000000.10101000.00010111.10000000 -> 192.168.23.128
IPBrd: 11000000.10101000.00010111.10011111 -> 192.168.23.159
IPRut: 11000000.10101000.00010111.10000001 -> 192.168.23.129

IP: 192.168.23.130
M치scara: 255.255.255.224
Gateway: 192.168.23.129

S3 /27: nnnnnnnn.nnnnnnnn.nnnnnnnn.ssshhhhh
IDred: 11000000.10101000.00010111.10100000 -> 192.168.23.160
IPBrd: 11000000.10101000.00010111.10111111 -> 192.168.23.191
IPRut: 11000000.10101000.00010111.10100001 -> 192.168.23.1161

IP: 192.168.23.163
M치scara: 255.255.255.224
Gateway: 192.168.23.161

S4 /27: nnnnnnnn.nnnnnnnn.nnnnnnnn.ssshhhhh
IDred: 11000000.10101000.00010111.11000000 -> 192.168.23.192
IPBrd: 11000000.10101000.00010111.11111111 -> 192.168.23.223
IPRut: 11000000.10101000.00010111.11011111 -> 192.168.23.193

IP: 192.168.23.163
M치scara: 255.255.255.224
Gateway: 192.168.23.161